291131
291225
291169
291490
291498
291491
291215
291232
291507
291228
291223
291230
291252
291256
291254
291255
291224
291140
291445
291269
291402
291418
291122
291419
291119
291422
291123
291420
291421
291121
291440
291595
291540
291542
291543
291566
291597
291596
291599
291598
291603
291602
291576
291604
291621
291620
291619
291623
291781
291648
291668
291801
291868
291870
291872
291854
291848
291855
291849
291842
291939
291871
291786
291867
291948
291662
291622
291624
291857
291573
291115
291233
290982
291231
291968
291970
291977
291969
291949
291952
291953
291924
291950
291932
291914
291910
291913
291933
291918
291921
291922
291984
292012
292016
292006
292004
292019
292037
292185
292038
292180
292039
292188
292033
292030
292155
292022
292008
292021
292179
292041
292248
292042
292250
292034
292163
292247
292370
292369
292367
292368
292366
292315
292325
292326
292293
292292
292312
292330
292311
292394
292393
292375
292374
292372
292373
292371
292376
292322
292328
292329
292327
292383
292295
292294
292384
292410
292404
292415
292417
292419
292422
292424
292433
292437
292431
292439
292519
292517
292515
292516
292518
292558
292568
292569
292572
292573
292436
292583
292585
292610
292604
292613
292609
292608
292637
292661
292587
292625
292624
292623
292621
292420
292425
292729
292709
292695
292723
292724
292727
292737
292607
292712
292713
292742
292765
292761
292773
292772
292771
292770
292978
292979
292980
292981
292982
292990
292995
293010
292923
292924
292925
292927
292575
293130
293138
293143
292853
292854
292851
292850
293152
293151
293149
293147
293146
293055
292993
292991
293239

293310
293266
293311
293319
293320
293226
293233
293273
293227
293223
293323
293200
293220
293218
293217
293306
293263
293238
293276
293674
293769
293600
293671
293785
293583
293708
293354
293668
293744
293581
293718
293353
293742
293722
293662
293743
293724
293626
293371
293380
293504
293404
293379
293503
293366
293378
293381
293502
293369
293355
293407
293523
293365
293501
293385
293367
293377
293408
293582
294062
294172
293990
294043
294178
293857
294066
294160
294171
293872
293988
294042
294177
294064
294162
294170
293987
294041
293859
294176
294065
294029
294161
294169
294194
294106
293986
294040
294175
294061
294168
293864
293985
294038
294193
293849
294192
293848
294030
294159
294053
294069
293868
294191
293852
294035
294051
294068
293867
294190
293853
294052
294067
294225
294238
294237
294245
294272
294227
294236
294235
294244
294271
294228
294226
294229
294233
294239
294477
294448
294452
294501
294524
294453
294520
294487
294377
294525
294454
294527
294485
294358
294526
294455
294523
294484
294345
294528
294456
294606
294551
294599
294600
294542
294543
294497
294549
294519
